0,10950,320
0,11150,320
0,11350,320
0,11550,320
0,11750,320
0,12450,270
0,12650,220
0,13950,270
0,14050,195
0,14250,195
0,14450,195
1,1950,370
1,2250,320
1,2550,270
1,2850,220
1,3150,170
1,3950,270
1,5250,320
1,5950,345
1,6150,270
1,6850,290
1,9100,420
1,9400,320
1,9700,420
1,10050,420
1,9800,220
1,10150,120
1,12850,170
1,13150,220
1,13750,345
1,14550,320
2,3450,120
2,4250,340
2,4750,420
2,5550,420
2,6350,195
2,8100,100
2,8600,220
2,10450,320
2,11950,320
2,13350,420
2,14850,220
3,100,420
3,1050,420
3,7150,420
3,15350,320
4,5950,345
4,6150,270
4,6350,195
4,13750,345
4,13950,270
4,14050,195